133,2,3,8,14,23,33,47,63,91,117,129,133
0,0,0,0,0,0,0,0,0,0,0,0,0
4,1,1,1,1,1,1,1,1,1,1,1,1
11,1,2,2,2,2,2,2,2,2,2,2,2
23,1,1,3,3,3,3,3,3,3,3,3,3
30,1,1,3,4,4,4,4,4,4,4,4,4
31,1,1,4,5,5,5,5,5,5,5,5,5
32,1,1,4,6,6,6,6,6,6,6,6,6
35,1,2,5,7,7,7,7,7,7,7,7,7
36,1,1,3,3,3,3,8,8,8,8,8,8
37,1,1,3,4,4,4,9,9,9,9,9,9
38,1,2,6,8,8,8,10,10,10,10,10,10
39,1,2,6,9,9,9,11,11,11,11,11,11
40,1,2,6,8,10,10,12,12,12,12,12,12
41,1,2,6,9,11,11,13,13,13,13,13,13
44,1,1,7,10,12,12,14,14,14,14,14,14
45,1,1,7,11,13,13,15,15,15,15,15,15
47,1,1,4,5,5,5,5,5,5,16,16,16
48,1,1,4,6,6,6,6,6,6,17,17,17
49,1,1,1,12,14,14,16,16,16,18,18,18
50,1,1,1,12,15,15,17,17,17,19,19,19
51,1,1,1,12,14,16,18,18,18,20,20,20
52,1,1,1,12,15,17,19,19,19,21,21,21
55,1,1,3,3,3,18,20,20,20,22,22,22
56,1,1,3,4,4,19,21,21,21,23,23,23
57,1,1,3,3,3,18,22,22,22,24,24,24
58,1,1,3,4,4,19,23,23,23,25,25,25
59,1,1,3,3,16,20,24,24,24,26,26,26
60,1,1,3,4,17,21,25,25,25,27,27,27
61,1,1,3,3,16,22,26,26,26,28,28,28
62,1,1,3,4,17,23,27,27,27,29,29,29
71,1,2,6,13,18,24,28,28,28,30,30,30
72,1,2,6,13,19,25,29,29,29,31,31,31
73,1,2,6,13,20,26,30,30,30,32,32,32
75,1,1,3,4,17,23,31,31,31,33,33,33
76,1,1,3,3,16,22,32,32,32,34,34,34
100,1,1,4,5,5,5,5,5,33,35,35,35
101,1,1,4,6,6,6,6,6,34,36,36,36
102,1,1,4,5,21,27,33,33,35,37,37,37
103,1,1,4,6,22,28,34,34,36,38,38,38
104,1,1,4,5,5,29,35,35,37,39,39,39
105,1,1,4,6,6,30,36,36,38,40,40,40
106,1,1,4,5,5,5,37,37,39,41,41,41
107,1,1,4,6,6,6,38,38,40,42,42,42
108,1,1,4,5,21,31,39,39,41,43,43,43
109,1,1,4,6,22,32,40,40,42,44,44,44
112,1,1,4,5,21,27,41,41,43,45,45,45
113,1,1,4,6,22,28,42,42,44,46,46,46
114,1,1,4,5,21,31,39,43,45,47,47,47
115,1,1,4,6,22,32,40,44,46,48,48,48
116,1,1,4,5,21,27,41,45,47,49,49,49
117,1,1,4,6,22,28,42,46,48,50,50,50
118,1,1,4,5,5,29,35,47,49,51,51,51
119,1,1,4,6,6,30,36,48,50,52,52,52
120,1,1,4,5,5,29,43,49,51,53,53,53
121,1,1,4,6,6,30,44,50,52,54,54,54
122,1,1,4,5,21,27,41,45,47,55,55,55
123,1,1,4,6,22,28,42,46,48,56,56,56
124,1,1,4,5,5,29,43,49,53,57,57,57
125,1,1,4,6,6,30,44,50,54,58,58,58
128,1,1,4,5,21,31,45,51,55,59,59,59
129,1,1,4,6,22,32,46,52,56,60,60,60
132,1,1,4,5,21,27,41,45,47,49,61,61
133,1,1,4,6,22,28,42,46,48,50,62,62
134,1,1,4,5,21,31,39,43,57,61,63,63
135,1,1,4,6,22,32,40,44,58,62,64,64
136,1,1,4,5,5,29,35,35,37,63,65,65
137,1,1,4,6,6,30,36,36,38,64,66,66
138,1,1,4,5,5,5,5,53,59,65,67,67
139,1,1,4,6,6,6,6,54,60,66,68,68
140,1,1,4,5,5,29,43,49,53,57,69,69
141,1,1,4,6,6,30,44,50,54,58,70,70
142,1,1,4,5,5,29,43,55,61,67,71,71
143,1,1,4,6,6,30,44,56,62,68,72,72
144,1,1,4,5,21,31,45,57,63,69,73,73
145,1,1,4,6,22,32,46,58,64,70,74,74
146,1,1,4,5,5,29,35,35,65,71,75,75
147,1,1,4,6,6,30,36,36,66,72,76,76
148,1,1,4,5,5,5,37,59,67,73,77,77
149,1,1,4,6,6,6,38,60,68,74,78,78
150,1,1,4,5,5,29,43,55,69,75,79,79
151,1,1,4,6,6,30,44,56,70,76,80,80
152,1,1,4,5,5,29,43,49,53,77,81,81
153,1,1,4,6,6,30,44,50,54,78,82,82
154,1,1,4,5,21,27,41,41,71,79,83,83
155,1,1,4,6,22,28,42,42,72,80,84,84
156,1,1,4,5,21,31,39,39,73,81,85,85
157,1,1,4,6,22,32,40,40,74,82,86,86
160,1,1,4,5,21,31,45,51,75,83,87,87
161,1,1,4,6,22,32,46,52,76,84,88,88
162,1,1,4,5,5,29,35,47,49,51,89,89
163,1,1,4,6,6,30,36,48,50,52,90,90
164,1,1,4,5,5,29,35,47,77,85,91,91
165,1,1,4,6,6,30,36,48,78,86,92,92
166,1,1,4,5,5,5,5,53,79,87,93,93
167,1,1,4,6,6,6,6,54,80,88,94,94
168,1,1,4,5,5,5,37,59,81,89,95,95
169,1,1,4,6,6,6,38,60,82,90,96,96
170,1,1,4,5,21,27,41,45,47,55,97,97
171,1,1,4,6,22,28,42,46,48,56,98,98
172,1,1,4,5,21,27,33,61,83,91,99,99
173,1,1,4,6,22,28,34,62,84,92,100,100
174,1,1,4,5,5,5,37,37,85,93,101,101
175,1,1,4,6,6,6,38,38,86,94,102,102
176,1,1,4,5,5,5,37,37,85,95,103,103
177,1,1,4,6,6,6,38,38,86,96,104,104
178,1,1,4,5,5,29,35,35,65,97,105,105
179,1,1,4,6,6,30,36,36,66,98,106,106
180,1,1,4,5,21,27,41,41,43,45,107,107
181,1,1,4,6,22,28,42,42,44,46,108,108
182,1,1,4,5,5,29,43,55,69,99,109,109
183,1,1,4,6,6,30,44,56,70,100,110,110
184,1,1,4,5,21,27,41,41,43,45,45,111
185,1,1,4,6,22,28,42,42,44,46,46,112
186,1,1,4,5,5,5,5,5,33,101,111,113
187,1,1,4,6,6,6,6,6,34,102,112,114
190,1,1,4,5,5,29,43,49,51,103,113,115
191,1,1,4,6,6,30,44,50,52,104,114,116
192,1,1,4,5,5,29,43,49,53,77,115,117
193,1,1,4,6,6,30,44,50,54,78,116,118
194,1,1,4,5,5,5,37,37,39,105,117,119
195,1,1,4,6,6,6,38,38,40,106,118,120
196,1,1,4,5,21,31,45,57,87,107,119,121
197,1,1,4,6,22,32,46,58,88,108,120,122
198,1,1,4,5,5,5,37,59,67,109,121,123
199,1,1,4,6,6,6,38,60,68,110,122,124
200,1,1,4,5,21,27,41,41,43,111,123,125
201,1,1,4,6,22,28,42,42,44,112,124,126
202,1,1,4,5,21,27,41,45,89,113,125,127
203,1,1,4,6,22,28,42,46,90,114,126,128
204,1,1,4,5,5,29,35,47,49,115,127,129
205,1,1,4,6,6,30,36,48,50,116,128,130
206,1,1,4,5,21,27,41,41,43,45,107,131
207,1,1,4,6,22,28,42,42,44,46,108,132